[
  {
    "coin": "0506,0506,0506,0506,0506,0506,0506,0506,0506,0500,0502,0502,0502,0502,0502,0502,0502,0502,0502,0502,0502,0500,0500,0502,0502,0505,0502,0502,0505,0502,0502,0505,0502,0502,0505,0507,0503,0503,0505,0503,0503,0505,0503,0503,0503,0500,0500,0503,0503,0503,0503,0503,0503,0503,0503,0503,0503,0503,0501,0507,0501,0501,0507,0501,0501,0506,0501,0506,0501,0506,0501,0506,0501,0506,0501,0506,0501,0506,0501,0506,0501,0504,0502,0504,0502,0501,0501,0506,0501,0501,0506,0501,0501,0506,0501,0501,0507,0500,0503,0504,0503,0503,0504,0503,0503,0503,0503,0504,0502,0504,0502,0507,0500,0507,0500,0507,0500,0507,0500,0507,0500,0507,0500,0507,0500,0507,0500,0503,0505,0503,0503,0505,0503,0503,0501,0501,0501,0501,0501,0501,0501,0501,0501,0501,0501,0502,0502,0501,0501,0507,0501,0501,0507,0501,0501,0507,0501,0501,0507,0504,0500,0500,0507,0500,0500,0507,0500,0500,0500,0502,0502,0500,0500,0500,0500,0500,0500,0500,0500,0500,0500,0500,0503,0504,0503,0503,0504,0503,0503,0505,0503,0505,0503,0505,0503,0505,0503,0505,0503,0505,0503,0505,0503,0505,0503,0505,0502,0505,0502,0503,0503,0505,0503,0503,0505,0503,0503,0505,0503,0503,0504,0502,0500,0506,0500,0500,0506,0500,0500,0500,0504,0502,0505,0502,0502,0504,0502,0504,0502,0504,0502,0504,0502,0504,0502,0504,0502,0504,0502,0500,0507,0500,0500,0507,0500,0500,0503,0503,0503,0503,0503,0503,0503,0503,0503,0503,0503,0501,0501,0503,0503,0504,0503,0503,0504,0503,0503,0504,0503,0503,0506,0506,0500,0502,0504,0502,0502,0504,0502,0502,0502,0501,0501,0502,0502,0502,0502,0502,0502,0502,0502,0502,0502,0502,0502,0500,0500,0506,0500,0500,0500,0507,0500,0507,0500,0507,0500,0507,0500,0507,0500,0507,0500,0507,0500,0507,0500,0507,0501,0507,0501,0500,0500,0507,0500,0500,0507,0500,0500,0507,0500,0500,0505,0502,0502,0505,0502,0502,0502,0505,0502,0502,0502,0501,0507,0501,0501,0506,0501,0506,0501,0506,0501,0506,0501,0506,0501,0506,0501,0506,0501,0502,0504,0502,0502,0502,0504,0502,0500,0500,0500,0500,0500,0500,0500,0500,0500,0500,0500,0503,0503,0500,0500,0506,0500,0500,0506,0500,0500,0506,0500,0500,0505,0505,0502,0501,0505,0502,0501,0505,0502,0501,0501,0503,0503,0501,0501,0501,0501,0501,0501,0501,0501,0501,0501,0501,0505,0502,0502,0502,0505,0502,0502,0504,0502,0504,0502,0504,0502,0504,0502,0504,0502,0504,0502,0504,0502,0504,0502,0507,0500,0500,0502,0502,0504,0502,0502,0504,0502,0502,0504,0502,0505,0505,0503,0501,0507,0501,0501,0507,0501,0501,0507,0501,0500,0507,0500,0505,0503,0505,0503,0505,0503,0505,0503,0505,0503,0505,0503,0505,0503,0505,0503,0501,0506,0501,0501,0505,0502,0507,0507,0507,0507,0507,0507,0507,0507,0507,0505,0505,",
    "url": "geometroncoinfeededitor.html"
  },
  {
    "coin": "0325,0507,0507,0507,0507,0507,0507,0507,0507,0507,0507,0507,0507,0500,0500,0506,0500,0506,0500,0500,0503,0504,0503,0503,0504,0503,0503,0504,0503,0504,0503,0503,0504,0503,0503,0504,0503,0507,0501,0501,0507,0501,0501,0507,0501,0501,0507,0501,0507,0501,0501,0507,0501,0501,0501,0501,0501,0501,0506,0501,0506,0501,0502,0505,0502,0502,0502,0502,0502,0502,0502,0504,0502,0500,0506,0500,0500,0506,0500,0506,0500,0500,0505,0505,0505,0505,0505,0505,0505,0505,0505,0503,0503,0503,0503,0503,0503,0503,0503,0503,0503,0503,0501,0506,0501,0506,0501,0501,0506,0501,0501,0506,0501,0501,0506,0501,0501,0506,0501,0506,0501,0502,0502,0502,0502,0502,0502,0502,0502,0502,0501,0501,0501,0501,0501,0504,0502,0500,0506,0500,0500,0506,0500,0500,0506,0500,0500,0506,0500,0506,0500,0500,0500,0507,0500,0507,0500,0500,0507,0500,0500,0507,0500,0507,0500,0500,0507,0500,0500,0505,0501,0501,0501,0501,0503,0503,0503,0503,0503,0506,0506,0506,0506,0506,0506,0506,0506,0506,0506,0506,0506,0506,0506,0502,0502,0502,0502,0502,0502,0502,0502,0502,0502,0502,0502,0502,0502,0502,0502,0502,0502,0502,0502,0502,0502,0501,0507,0501,0501,0507,0501,0501,0507,0501,0501,0507,0501,0507,0501,0501,0507,0501,0507,0501,0503,0503,0503,0503,0503,0503,0503,0503,0503,0503,0503,0503,0503,0503,0500,0500,0500,0500,0500,0500,0500,0500,0500,0500,0500,0504,0504,0504,0506,0506,0506,0506,0506,0506,0506,0506,0506,0506,0506,0506,0506,0506,0502,0502,0502,0502,0502,0502,0502,0504,0502,0504,0502,0504,0502,0500,0500,0500,0500,0500,0500,0507,0500,0500,0507,0500,0507,0500,0502,0504,0502,0504,0502,0502,0507,0503,0503,0503,0503,0503,0503,0503,0503,0503,0503,0503,0505,0503,0505,0503,0501,0507,0501,0501,0507,0501,0507,0501,0501,0507,0501,0501,0502,0504,0502,0504,0502,0502,0501,0501,0506,0501,0506,0501,0501,0506,0501,0507,0507,0507,0504,0504,0504,0504,0504,0504,0507,0504,0507,0504,0507,0504,0507,0504,0507,0504,0507,0504,0504,0504,0502,0502,0504,0502,0504,0502,0502,0504,0502,0504,0502,0502,0504,0502,0502,0504,0502,0500,0507,0500,0500,0507,0500,0500,0507,0500,0507,0500,0500,0507,0500,0500,0507,0500,0507,0500,0503,0503,0503,0503,0503,0503,0505,0503,0505,0503,0501,0507,0501,0501,0507,0501,0501,0505,0502,0501,0506,0501,0501,0506,0501,0506,0501,0501,0506,0501,0506,0501,0501,0507,0507,0504,0504,0504,0504,0504,0504,0504,0504,0504,0504,0504,0504,0504,0504,0504,0504,0504,0504,0503,0503,0503,0503,0503,0503,0503,0503,0503,0503,0503,0503,0503,0503,0503,0503,0503,0501,0507,0501,0507,0501,0501,0507,0501,0501,0507,0501,0501,0507,0500,0503,0504,0503,0503,0505,0502,0501,0506,0501,0506,0501,0501,0506,0501,0501,0506,0501,0506,0501,0501,0502,0502,0502,0502,0502,0502,0502,0502,0502,0502,0502,0502,0507,0500,0503,0504,0503,0500,0506,0500,0506,0500,0500,0506,0500,0500,0506,0500,0500,0506,0500,0506,0500,0500,0500,0502,0504,0502,0507,0507,0507,0505,0505,0505,0505,0505,0505,0505,0505,0505,0505,0505,0505,0505,0505,0505,0505,0505,0505,0505,0505,0505,0505,0505,0505,0505,0505,",
    "url": "https://www.openstreetmap.org/#map=19/39.14569/-76.90250"
  },
  {
    "coin": "0504,0504,0504,0500,0504,0500,0504,0504,0504,0504,0500,0500,0504,0500,0504,0503,0505,0505,0503,0505,0505,0501,0502,0501,0507,0501,0507,0500,0504,0500,0507,0500,0500,0503,0500,0503,0500,0503,0501,0506,0501,0501,0503,0501,0506,0501,0502,0500,0505,0501,0501,0501,0504,0502,0501,0501,0501,0504,0502,0501,0501,0501,0503,0501,0501,0501,0502,0507,0501,0503,0505,0502,0502,0501,0503,0506,0501,0501,0503,0501,0502,0501,0503,0501,0503,0504,0500,0503,0500,0503,0501,0501,0501,0501,0502,0507,0503,0504,0500,0504,0500,0504,0502,0500,0502,0500,0503,0500,0500,0507,0501,0503,0500,0500,0502,0507,0500,0500,0502,0502,0500,0505,0501,0502,0502,0507,0507,0507,0507,0504,0500,0503,0501,0504,0504,0502,0502,0507,0500,0500,0502,0502,0500,0500,0507,0503,0500,0500,0500,0500,0500,0500,0503,0503,0503,0503,0503,0503,0501,0501,0501,0501,0501,0501,0502,0502,0502,0502,0502,0504,0507,0500,0500,0500,0503,0503,0501,0501,0502,0500,0505,0505,0505,0505,0507,0501,0507,0501,0506,0506,0502,0507,0501,0505,0507,0503,0503,0501,0501,0502,0500,0502,0505,0506,0502,0507,0501,0505,0506,0502,0501,0503,0507,0503,0507,0503,0505,0502,0506,0506,0502,0501,0506,0502,0507,0507,0503,0507,0503,0503,0501,0502,0506,0502,0502,0501,0502,0502,0505,0503,0503,0504,0507,0503,0505,0507,0507,0501,0501,0501,0502,0506,0502,0502,0500,0503,0500,0506,0506,0506,0506,0506,0506,0506,0506,0506,0505,0501,0506,0502,0506,0502,0506,0502,0502,0502,0502,0502,0502,0502,0500,0500,0500,0500,0500,0500,0503,0503,0503,0503,0503,0503,0501,0501,0501,0501,0501,0506,0506,0500,0500,0500,0502,0502,0501,0501,0503,0500,0507,0507,0507,0507,0507,0501,0501,0503,0500,0503,0503,0504,0502,0502,0504,0502,0500,0500,0503,0507,0503,0505,0502,0504,0500,0506,0502,0500,0500,0503,0507,0500,0500,0500,0500,0500,0506,0506,0501,0501,0501,0501,0506,0500,0506,0501,0505,0501,0506,0500,0502,0501,0502,0504,0502,0502,0505,0502,0504,0500,0507,0503,0507,0500,0507,0503,0500,0503,0506,0500,0500,0503,0506,0502,0502,0502,0505,0501,0502,0504,0502,0500,0507,0500,0500,0502,0507,0503,0507,0503,0503,0503,0503,0503,0500,0500,0506,0502,0502,0502,0502,0502,0502,0502,0500,0500,0500,0500,0500,0500,0503,0503,0503,0503,0503,0503,0501,0501,0501,0501,0501,0506,0506,0500,0500,0500,0502,0502,0501,0501,0503,0500,0507,0507,0507,0507,0507,0500,0505,0505,0505,0505,0505,0505,0505,0505,0505,0505,0505,0505,0505,0507,",
    "url": "qrcode.html"
  },
  {
    "coin": "0323,0504,0504,0500,0500,0500,0506,0500,0500,0506,0500,0500,0506,0500,0506,0500,0502,0504,0502,0502,0502,0502,0502,0502,0502,0502,0502,0502,0502,0502,0502,0505,0502,0501,0501,0501,0501,0501,0501,0501,0501,0501,0501,0501,0501,0501,0501,0501,0501,0501,0501,0507,0501,0503,0503,0503,0503,0503,0503,0503,0503,0503,0503,0503,0503,0507,0500,0507,0500,0507,0500,0507,0500,0507,0500,0507,0500,0500,0500,0500,0500,0506,0506,0506,0506,0506,0506,0502,0500,0500,0504,0502,0504,0502,0502,0502,0502,0501,0501,0501,0501,0501,0501,0501,0501,0503,0503,0503,0504,0503,0504,0503,0500,0507,0507,0507,0507,0507,0507,0507,0507,0507,0507,0500,0500,0500,0500,0500,0500,0500,0500,0500,0500,0507,0500,0503,0503,0503,0503,0503,0503,0503,0503,0503,0503,0503,0505,0503,0503,0505,0503,0503,0505,0503,0505,0503,0501,0507,0501,0501,0501,0501,0501,0501,0501,0501,0501,0506,0501,0506,0501,0506,0501,0501,0506,0501,0506,0501,0502,0502,0502,0502,0502,0502,0502,0502,0502,0502,0502,0502,0502,0504,0502,0500,0500,0500,0500,0500,0500,0500,0500,0507,0507,0507,0507,0507,0507,0500,0500,0500,0500,0500,0503,0503,0503,0503,0505,0503,0505,0503,0501,0501,0501,0501,0505,0502,0505,0502,0502,0502,0502,0502,0500,0500,0500,0507,0507,0507,0507,0507,0507,0507,0507,0507,0507,0507,0507,0507,0507,0507,0507,0507,0507,0507,0500,0500,0500,0500,0500,0500,0500,0500,0500,0500,0500,0500,0500,0500,0500,0500,0506,0500,0500,0506,0500,0506,0500,0506,0500,0502,0502,0502,0502,0502,0502,0502,0502,0502,0502,0502,0502,0502,0502,0502,0502,0502,0502,0502,0502,0502,0502,0502,0502,0502,0502,0502,0502,0502,0502,0502,0502,0502,0502,0502,0502,0502,0502,0502,0502,0502,0502,0502,0502,0502,0502,0502,0505,0502,0502,0501,0506,0501,0506,0501,0501,0501,0501,0501,0501,0501,0501,0501,0501,0501,0501,0501,0501,0501,0501,0501,0501,0501,0501,0501,0501,0501,0501,0501,0501,0501,0501,0501,0501,0501,0507,0501,0501,0507,0501,0507,0501,0507,0501,0503,0503,0503,0503,0503,0503,0503,0503,0503,0503,0503,0503,0503,0503,0503,0503,0503,0503,0503,0503,0503,0503,0503,0503,0503,0503,0503,0503,0503,0503,0503,0503,0503,0503,0503,0503,0503,0503,0503,0503,0503,0503,0503,0503,0503,0503,0507,0500,0507,0500,0503,0507,0500,0507,0500,0500,0500,0500,0500,0500,0500,0500,0500,0500,0500,0500,0500,0500,0500,0505,0505,0505,0505,0505,0505,0505,0505,0505,0505,0505,0505,0505,0505,0505,0505,0505,0505,0505,0505,0505,0505,0505,0505,0506,0506,0506,0506,0506,0506,0506,0506,0506,0506,0506,0506,0506,0506,0506,0506,0506,0506,0506,0506,0506,0506,0506,0506,0506,0506,0506,0506,0506,0506,0506,0506,0506,0506,0506,0506,0506,0506,0506,0506,0506,0506,0505,0505,0506,0506,0506,0506,01104,01125,01116,01113,01111,01116,0504,0504,0504,0504,0504,0504,0504,0504,0504,0504,0504,0504,0504,0504,0504,0504,0504,0504,0504,0504,0504,0504,0504,0504,0504,0506,0506,0506,0506,0506,0506,0506,0506,0506,0506,0506,0506,0506,0506,0506,0506,0506,0506,",
    "url": "https://locations.dunkindonuts.com/en/md/scaggsville/8305-ice-crystal-dr/341097"
  },
  {
    "coin": "0504,0504,0504,0504,0504,0504,0504,0504,0504,0504,0504,0504,0504,0504,0504,0504,0504,0504,0506,0506,0506,0506,0506,0506,0506,0506,0506,0506,0506,0506,01110,01124,01115,01114,0322,0505,0505,0505,0505,0502,0502,0502,0502,0502,0502,0502,0502,0502,0502,0502,0502,0502,0502,0502,0502,0502,0502,0502,0502,0502,0502,0502,0502,0502,0502,0502,0502,0502,0502,0501,0501,0501,0501,0501,0501,0507,0501,0501,0501,0501,0501,0501,0501,0501,0501,0501,0501,0507,0501,0501,0501,0501,0501,0501,0501,0501,0501,0501,0507,0501,0501,0501,0501,0501,0501,0501,0501,0507,0501,0501,0503,0503,0503,0503,0505,0503,0503,0503,0505,0503,0503,0503,0503,0505,0503,0503,0505,0503,0504,0503,0503,0504,0503,0503,0503,0503,0504,0503,0503,0503,0503,0504,0503,0503,0503,0503,0504,0503,0500,0500,0500,0500,0500,0500,0500,0507,0500,0500,0500,0500,0500,0500,0500,0500,0500,0500,0507,0500,0500,0500,0500,0500,0500,0500,0500,0500,0507,0500,0500,0500,0500,0500,0500,0500,0500,0500,0500,0502,0502,0502,0502,0502,0502,0505,0505,0505,0505,0505,0505,0505,0502,0502,0502,0502,0502,0502,0502,0502,0502,0502,0502,0502,0502,0502,0502,0502,0502,0502,0502,0502,0502,0502,0502,0502,0501,0501,0501,0501,0507,0501,0501,0501,0501,0501,0501,0501,0501,0507,0501,0501,0503,0503,0503,0503,0503,0503,0503,0503,0503,0503,0503,0503,0503,0503,0503,0501,0501,0501,0501,0501,0505,0502,0502,0502,0505,0502,0502,0502,0504,0502,0502,0502,0504,0502,0500,0500,0500,0502,0502,0502,0502,0502,0501,0501,0501,0501,0501,0501,0501,0507,0501,0503,0503,0505,0503,0503,0503,0503,0505,0503,0503,0503,0503,0503,0504,0503,0503,0503,0504,0503,0503,0503,0504,0503,0503,0500,0500,0500,0500,0500,0507,0500,0500,0500,0500,0500,0500,0500,0500,0500,0502,0502,0502,0502,0502,0502,0502,0502,0502,0502,0502,0502,0502,0502,0502,0502,0502,0500,0500,0500,0500,0503,0503,0503,0503,0503,0503,0503,0503,0503,0503,0503,0503,0503,0503,0503,0503,0503,0500,0503,0500,0500,0500,0500,0505,0505,0505,0505,0505,0505,0505,0506,0506,0506,0506,0506,0506,0506,0506,0506,0506,0506,0506,",
    "url": "https://www.w3schools.com/"
  },
  {
    "url": "https://www.trashrobot.org/",
    "coin": "0505,0505,0505,0506,0506,0506,0506,0500,0500,0500,0500,0500,0500,0502,0502,0502,0502,0502,0502,0501,0501,0501,0501,0501,0501,0503,0503,0503,0503,0503,0503,0504,0502,0502,0500,0503,0507,0507,0507,0507,0507,0507,0507,0507,0503,0500,0500,0500,0500,0503,0503,0503,0503,0503,0503,0501,0501,0501,0501,0501,0501,0502,0502,0502,0502,0502,0502,0500,0507,0507,0507,0507,0503,0500,0502,0501,0505,0505,0505,0505,0506,0506,0506,0506,0501,0502,0502,0502,0502,0502,0502,0501,0501,0501,0503,0503,0503,0503,0503,0503,0500,0500,0507,0326,0504,0503,0503,0503,0503,0503,0503,0503,0503,0503,0503,0503,0501,0501,0501,0501,0501,0502,0502,0502,0502,0502,0502,0502,0502,0502,0502,0502,0502,0502,0502,0502,0502,0502,0502,0502,0502,0502,0502,0502,0502,0502,0502,0502,0502,0502,0502,0502,0500,0500,0500,0500,0500,0503,0503,0503,0503,0503,0503,0503,0503,0503,0503,0503,0327,0505,0505,0505,0505,0505,0505,0501,0502,0502,0502,0502,0502,0502,0502,0502,0502,0502,0502,0501,0501,0501,0501,0501,0503,0503,0503,0503,0503,0503,0503,0503,0503,0503,0503,0503,0503,0503,0503,0503,0503,0503,0503,0503,0503,0503,0503,0503,0503,0503,0503,0503,0503,0503,0503,0500,0500,0500,0500,0500,0502,0502,0502,0502,0502,0502,0502,0502,0502,0502,0502,0502,0502,0502,0502,0502,0502,0502,0502,0504,0504,0504,0504,0504,0504,0504,0504,0325,0500,0502,0502,0502,0502,0502,0502,0502,0502,0502,0502,0502,0502,0500,0500,0500,0500,0500,0503,0503,0503,0507,0507,0507,0507,0507,0507,0507,0507,0507,0503,0503,0503,0503,0503,0507,0507,0507,0507,0507,0507,0507,0507,0507,0503,0503,0503,0503,0503,0501,0501,0501,0501,0501,0502,0502,0502,0502,0502,0502,0502,0502,0502,0502,0502,0502,0502,0502,0502,0502,0502,0502,0324,0504,0504,0504,0504,0504,0504,0500,0503,0503,0503,0503,0507,0507,0507,0507,0507,0507,0507,0507,0507,0503,0503,0503,0503,0503,0500,0500,0500,0500,0500,0502,0502,0502,0502,0502,0502,0502,0502,0502,0502,0502,0502,0502,0502,0502,0502,0502,0502,0502,0502,0502,0502,0502,0502,0502,0502,0502,0502,0502,0502,0502,0501,0501,0501,0501,0501,0503,0503,0503,0504,0504,0504,0504,0504,0323,0504,0500,0502,0502,0502,0500,0500,0500,0500,0500,0503,0503,0503,0503,0503,0503,0503,0503,0503,0503,0503,0503,0503,0503,0503,0503,0503,0503,0503,0503,0503,0503,0503,0503,0503,0503,0503,0503,0503,0503,0503,0501,0501,0501,0501,0501,0502,0502,0502,0502,0502,0502,0502,0502,0502,0502,0502,0502,0502,0502,0502,0502,0502,0502,0502,0502,0502,0502,0502,0502,0502,0502,0502,0504,0504,0504,0504,0504,0504,0504,0322,0502,0502,0502,0502,0500,0500,0500,0500,0500,0503,0503,0503,0503,0503,0503,0503,0503,0503,0503,0503,0503,0503,0503,0503,0503,0503,0503,0503,0503,0503,0503,0503,0503,0503,0503,0503,0503,0503,0503,0503,0501,0501,0501,0501,0501,0502,0502,0502,0502,0502,0502,0502,0502,0502,0502,0502,0502,0502,0502,0502,0502,0502,0502,0502,0502,0502,0502,0502,0502,0502,0502,0502,0320,0507,0507,0507,0507,0507,0507,0507,0507,0507,0507,0507,0505,0505,0505,0505,0505,0505,0505,0505,0505,0505,0505,0505,0505,0505,0505,0505,0506,0506,0506,0506,0506,0506,0506,0506,0506,0506,0506,0506,0506,0506,0506,0506,0506,0506,0506,0506,0506,0506,0506,0506,0504,0504,0504,0504,0504,0504,0504,0504,0504,0504,0322,0504,0504,0504,0504,0504,0504,01124,0505,0505,0505,0323,0505,0505,0505,0505,0505,0506,0506,0506,0505,0506,0506,0506,01122,0505,0505,0324,0505,0505,0505,0505,0505,0505,0506,0505,0506,0506,0506,0506,0506,01101,0505,0325,0505,0505,0505,0505,0505,0505,0506,0506,0506,0505,0506,0506,0506,0505,01123,0505,0505,0505,0326,0505,0505,0505,0506,0506,0505,0506,0505,0506,0506,0506,0505,01110,0507,0507,0507,0504,0507,0504,0507,0504,0507,0504,0507,0504,0507,0504,0507,0504,0507,0504,0507,0504,0507,0504,0507,0504,0507,0504,0507,0504,0507,0504,0507,0504,0507,0504,0507,0504,0507,0504,0507,0504,0507,0504,0507,0504,0507,0504,0507,0504,0507,0504,0507,0504,0507,0504,0507,0504,0507,0504,0507,0504,0507,0504,0507,0504,0507,0504,0507,0504,0507,0504,0504,0504,0323,01122,0505,0505,0505,0505,0505,0505,0505,0505,0506,0506,0506,0505,0506,0506,0506,0325,01117,0326,0505,0505,0505,0505,0505,0505,0505,0505,0506,0506,0506,0506,0506,0506,01102,0505,0505,0505,0505,0505,0505,0505,0506,0505,0506,0506,0506,0506,0506,0327,01117,0505,0505,0505,0505,0505,0505,0505,0505,0505,0506,0506,0506,0506,0506,0506,0322,01124,0504,0504,0504,0504,0504,0504,0504,0504,0504,0504,0504,0504,0504,0504,0504,0504,0504,0504,0506,0506,0506,0506,0506,0506,0506,0506,0506,0506,0506,0506,0506,0506,0506,0506,0506,0506,0506,0506,0506,0506,0506,0506,"
  },
  {
    "url": "https://decadentmaplelawn.com/",
    "coin": "0327,0506,0506,0506,0502,0502,0502,0502,0502,0504,0502,0504,0502,0500,0507,0500,0500,0507,0500,0507,0500,0507,0500,0507,0500,0507,0500,0503,0504,0503,0503,0504,0503,0503,0503,0504,0503,0503,0503,0503,0504,0503,0503,0503,0503,0503,0503,0503,0505,0503,0503,0506,0506,0506,0502,0501,0506,0501,0501,0506,0501,0506,0501,0501,0506,0501,0506,0501,0502,0505,0502,0505,0502,0502,0505,0502,0505,0502,0502,0505,0502,0502,0504,0506,0506,0506,0504,0504,0506,0506,0506,0504,0506,0504,0504,0506,0500,0500,0505,0501,0507,0500,0500,0500,0507,0500,0500,0507,0500,0500,0507,0500,0507,0500,0500,0507,0500,0507,0500,0507,0500,0500,0507,0500,0507,0500,0507,0500,0503,0504,0503,0502,0504,0503,0503,0500,0504,0506,0506,0506,0502,0502,0502,0505,0502,0502,0502,0502,0502,0505,0502,0502,0502,0505,0502,0502,0505,0502,0505,0502,0503,0503,0504,0503,0502,0507,0507,0507,0507,0504,0507,0507,0507,0504,0507,0507,0507,0504,0507,0507,0504,0503,0503,0503,0503,0503,0503,0503,0503,0503,0503,0505,0503,0503,0505,0503,0501,0507,0501,0501,0501,0501,0501,0501,0501,0501,0506,0501,0505,0505,0505,0505,0505,0505,0505,0505,0505,0505,0505,0505,0505,0505,0505,0505,0505,0505,0505,0505,0505,0505,0505,0505,0506,0506,0506,0506,0506,0506,0506,0506,0506,0506,0506,0506,0506,0506,0506,0506,0506,0506,0506,0506,0506,0506,0506,0506,0506,0506,0506,0506,0506,0506,0506,0506,0506,0505,01104,01145,01143,01141,01144,01145,01156,01164,0504,0504,0504,0504,0504,0504,0504,0504,0504,0504,0506,0506,0506,0506,0506,0506,0506,0506,0506,0506,0506,0506,0506,0506,0506,0506,0506,0506,0506,0506,0506,0506,0506,0506,0506,0506,0506,"
  },
  {
    "url": "https://sidamomaplelawn.com/",
    "coin": "0505,0505,0505,0505,0505,0505,0505,0505,0505,0505,0505,0505,0505,0505,0505,0505,0505,0505,0502,0502,0502,0502,0502,0502,0502,0502,0502,0502,0502,0502,0502,0502,0502,0504,0502,0500,0506,0500,0500,0500,0500,0507,0500,0507,0500,0507,0500,0503,0503,0503,0503,0503,0503,0503,0503,0503,0503,0503,0503,0503,0503,0503,0503,0503,0503,0503,0503,0503,0503,0503,0503,0503,0503,0503,0503,0505,0503,0503,0505,0503,0505,0503,0501,0501,0501,0501,0506,0501,0501,0502,0502,0502,0502,0502,0502,0502,0502,0502,0502,0502,0502,0502,0502,0502,0502,0502,0504,0504,0504,0504,0504,0504,0504,0504,0504,0506,0506,0506,0506,0506,0506,0506,0506,0506,0506,0506,0506,0500,0500,0500,0506,0500,0500,0500,0500,0500,0500,0500,0500,0506,0500,0500,0506,0500,0500,0506,0500,0500,0506,0500,0500,0506,0500,0506,0500,0500,0503,0503,0505,0503,0505,0503,0505,0503,0505,0503,0505,0503,0505,0503,0505,0503,0503,0503,0503,0504,0503,0504,0503,0500,0507,0500,0500,0500,0500,0507,0500,0500,0500,0500,0500,0500,0500,0500,0500,0500,0500,0500,0500,0506,0500,0500,0500,0500,0500,0507,0500,0503,0503,0503,0503,0503,0503,0505,0503,0501,0501,0501,0501,0506,0501,0501,0501,0507,0501,0503,0503,0503,0503,0503,0503,0503,0505,0503,0503,0505,0503,0505,0503,0505,0503,0505,0503,0501,0507,0501,0501,0501,0501,0501,0501,0501,0501,0501,0506,0501,0501,0506,0501,0501,0506,0501,0501,0506,0501,0501,0501,0501,0501,0501,0501,0506,0501,0501,0501,0504,0504,0504,0504,0504,0504,0504,0504,0504,0504,0504,0504,0504,0502,0502,0502,0504,0502,0502,0504,0502,0504,0502,0504,0502,0504,0502,0500,0506,0500,0500,0500,0500,0506,0500,0500,0500,0500,0507,0500,0507,0500,0503,0503,0503,0503,0503,0505,0503,0503,0505,0503,0505,0503,0505,0503,0505,0503,0501,0507,0501,0501,0501,0501,0501,0506,0501,0501,0506,0501,0506,0501,0505,0505,0505,0505,0505,0505,0506,0506,0506,0506,0506,0506,0506,0506,0506,0506,0506,0506,0506,0505,0505,0505,0505,0505,0505,0505,0505,0505,0505,0505,0504,0504,0504,0504,0504,0504,0504,0504,0504,0504,0504,0504,0504,0504,0504,0504,0504,0504,0504,0504,0504,0504,0504,0504,0504,0504,0504,0504,0504,0504,0504,0504,0504,0504,0504,0504,0504,0505,0505,0505,0505,0506,0505,0506,0505,0505,0505,0506,0505,0506,0505,0505,0506,0505,0505,0506,0505,0506,0505,0506,0505,0506,0505,0506,0505,0506,0505,0505,0502,0505,0502,0507,0507,0507,0505,0505,0505,0507,0505,0505,0505,0505,0505,0505,0505,0505,0505,0505,0505,0505,0505,0505,0505,0505,0505,0505,0505,0505,0505,0505,0505,0505,0505,0505,0505,0505,0505,0506,0506,0506,0506,0506,0506,0506,0506,0506,0506,0506,0506,0506,0506,0506,0506,0507,0507,0507,0507,0507,0507,0507,01123,01111,01104,01101,01115,01117,0504,0504,0504,0504,0504,0504,0504,0504,0504,0504,0504,0504,0504,0504,0504,0504,0504,0504,0504,0504,0504,0504,0504,0504,0504,0504,0504,0506,0506,0506,0506,0506,0506,0506,0506,0506,0506,0506,0506,0506,0506,0506,0506,0506,0506,"
  },
  {
    "url": "https://www.tiktok.com/@trash_robot",
    "coin": "0504,0504,0504,0504,0504,0504,0504,0504,0504,0504,0504,0504,0504,0504,0504,0504,0504,0504,0504,0504,0504,0504,0504,0504,0504,0500,0502,0502,0502,0502,0502,0502,0505,0502,0502,0502,0502,0505,0502,0502,0505,0502,0502,0505,0502,0505,0502,0505,0502,0502,0505,0502,0505,0502,0505,0502,0501,0506,0501,0506,0501,0501,0506,0501,0501,0506,0501,0501,0501,0506,0501,0501,0501,0501,0501,0506,0501,0501,0501,0501,0501,0501,0501,0501,0507,0501,0501,0501,0507,0501,0501,0501,0507,0501,0501,0507,0501,0507,0501,0501,0507,0501,0507,0501,0501,0507,0501,0503,0505,0503,0505,0503,0503,0505,0503,0505,0503,0503,0505,0503,0503,0505,0503,0503,0503,0503,0505,0503,0503,0503,0503,0503,0503,0503,0503,0503,0503,0503,0504,0503,0503,0503,0503,0504,0503,0503,0504,0503,0503,0504,0503,0503,0504,0503,0504,0503,0504,0503,0504,0503,0504,0503,0507,0500,0500,0507,0500,0507,0500,0500,0507,0500,0500,0507,0500,0500,0500,0507,0500,0500,0500,0500,0500,0500,0500,0500,0500,0500,0500,0500,0500,0500,0506,0500,0500,0500,0500,0506,0500,0500,0506,0500,0506,0500,0500,0506,0500,0506,0500,0500,0506,0500,0502,0504,0502,0504,0502,0504,0502,0502,0504,0502,0504,0502,0502,0502,0504,0502,0502,0502,0504,0502,0502,0502,0502,0502,0502,0505,0505,0505,0326,0505,0505,0503,0503,0503,0503,0503,0503,0501,0502,0502,0502,0502,0502,0501,0501,0501,0501,0501,0501,0501,0501,0501,0501,0501,0501,0501,0501,0501,0501,0501,0501,0501,0501,0501,0501,0501,0501,0501,0501,0501,0501,0501,0501,0506,0501,0501,0506,0501,0506,0501,0506,0501,0502,0502,0502,0502,0504,0502,0502,0500,0503,0503,0503,0503,0504,0503,0504,0503,0504,0503,0504,0503,0500,0500,0500,0500,0500,0500,0500,0500,0500,0500,0500,0500,0500,0500,0500,0500,0500,0500,0500,0500,0500,0500,0500,0500,0500,0500,0500,0500,0500,0500,0503,0505,0505,0505,0505,0505,0505,0505,0505,0505,0505,0505,0505,0505,0505,0505,0506,0506,0506,0506,0506,0502,0502,0502,0502,0502,0502,0505,0502,0502,0505,0502,0505,0502,0502,0505,0502,0505,0502,0501,0506,0501,0501,0506,0501,0501,0501,0501,0501,0501,0501,0501,0501,0501,0507,0501,0501,0507,0501,0507,0501,0507,0501,0504,0504,0502,0500,0500,0506,0500,0500,0500,0500,0500,0500,0500,0500,0500,0507,0500,0500,0507,0500,0507,0500,0507,0500,0504,0503,0503,0504,0503,0503,0503,0504,0503,0503,0503,0500,0505,0322,0503,0503,0501,0501,0501,0501,0501,0501,0501,0502,0502,0502,0505,0502,0502,0505,0502,0505,0502,0501,0501,0501,0501,0501,0507,0501,0504,0506,0504,0502,0500,0502,0500,0500,0500,0500,0507,0500,0507,0500,0507,0500,0503,0503,0503,0503,0503,0500,0500,0500,0500,0500,0507,0507,0507,0507,0507,0507,0507,0507,0507,0507,0507,0500,0500,0500,0500,0503,0505,0503,0503,0505,0503,0503,0505,0503,0503,0503,0503,0503,0500,0500,0500,0500,0500,0500,0505,0503,0505,0503,0501,0501,0501,0501,0501,0501,0502,0502,0502,0504,0502,0502,0502,0504,0502,0504,0506,0506,0502,0501,0501,0501,0501,0501,0501,0501,0501,0501,0501,0501,0501,0501,0501,0501,0501,0506,0501,0501,0501,0506,0501,0501,0506,0501,0501,0502,0505,0502,0505,0502,0502,0505,0502,0502,0502,0505,0502,0502,0502,0502,0502,0502,0504,0502,0502,0504,0502,0502,0507,0503,0503,0503,0503,0503,0503,0503,0503,0504,0503,0503,0504,0503,0503,0504,0503,0504,0503,0504,0503,0500,0507,0500,0500,0507,0500,0500,0500,0500,0500,0500,0500,0500,0500,0500,0500,0500,0500,0500,0500,0320,0504,0504,0504,0504,0507,0507,0507,0507,0507,0507,0507,0507,0507,0504,0504,0504,0507,0504,0502,0502,0502,0504,0502,0502,0504,0502,0504,0502,0504,0502,0504,0502,0500,0500,0506,0500,0505,0505,0505,0505,0505,0505,0505,0506,0506,0505,0506,0506,0505,0505,0505,0505,0505,0505,0505,0505,0505,0505,0505,0505,0505,0505,0505,0505,0505,0505,0505,0505,0505,0505,0506,0505,0506,0505,0505,0505,0506,0505,0506,0506,0506,0505,0506,0505,0506,0505,0506,0506,0506,0506,0506,0505,0506,0504,0502,0502,0504,0502,0507,0507,0507,0507,0507,0507,0507,0507,0507,0507,0507,0507,0507,0507,0504,0504,0504,0504,0504,0504,0504,0504,0504,0504,0504,0504,0504,0504,0504,0504,0504,0504,"
  },
  {
    "url": "https://www.openstreetmap.org/#map=19/39.14794/-76.90879",
    "coin": "0322,0504,0500,0504,0502,0504,0502,0502,0502,0505,0502,0505,0502,0501,0501,0501,0501,0501,0507,0501,0507,0501,0503,0503,0503,0504,0503,0500,0503,0503,0503,0503,0501,0501,0506,0501,0501,0506,0501,0502,0505,0502,0502,0502,0502,0502,0504,0502,0502,0502,0504,0502,0504,0502,0504,0502,0500,0500,0506,0500,0500,0500,0500,0507,0500,0500,0507,0500,0500,0507,0500,0507,0500,0503,0503,0504,0503,0503,0503,0505,0503,0503,0503,0505,0503,0505,0503,0505,0503,0501,0501,0502,0502,0502,0507,0507,0507,0507,0500,0500,0500,0506,0500,0500,0503,0503,0503,0503,0501,0507,0501,0501,0507,0501,0501,0501,0501,0507,0501,0501,0501,0507,0500,0500,0507,0500,0500,0500,0500,0507,0500,0500,0500,0507,0500,0503,0503,0503,0501,0501,0506,0501,0501,0501,0501,0501,0506,0501,0501,0501,0506,0501,0501,0501,0506,0501,0501,0502,0502,0502,0502,0502,0500,0506,0500,0500,0500,0506,0500,0500,0506,0500,0500,0500,0500,0507,0507,0507,0507,0507,0507,0507,0507,0507,0507,0507,0507,0503,0500,0500,0507,0500,0500,0507,0500,0503,0503,0504,0503,0503,0503,0503,0505,0503,0503,0505,0503,0505,0503,0501,0501,0502,0502,0502,0502,0504,0502,0502,0502,0505,0502,0507,0501,0507,0501,0503,0503,0503,0505,0503,0503,0505,0503,0501,0507,0501,0501,0501,0506,0501,0506,0501,0506,0501,0502,0505,0502,0502,0502,0502,0504,0502,0502,0502,0504,0502,0504,0502,0500,0506,0500,0503,0503,0503,0503,0503,0505,0503,0505,0503,0503,0504,0503,0504,0503,0500,0502,0504,0502,0502,0502,0504,0502,0502,0502,0504,0502,0504,0502,0505,0506,0506,0506,0506,0506,0506,0506,0506,0506,0506,0506,0506,0506,0506,0506,0506,0506,0506,0506,0506,0506,0506,0506,0506,0506,0506,0506,0506,0506,0506,0506,0506,0502,0505,0502,0505,0502,0505,0502,0505,0502,0505,0502,0505,0502,0505,0502,0505,0502,0505,0504,0504,0502,0504,0502,0504,0502,0504,0502,0504,0502,0504,0502,0504,0502,0504,0502,0504,0502,0504,0502,0500,0507,0500,0507,0500,0507,0500,0507,0500,0503,0503,0503,0505,0503,0505,0503,0505,0503,0504,0503,0504,0503,0504,0503,0503,0503,0505,0503,0505,0503,0505,0503,0505,0503,0501,0501,0507,0507,0507,0507,0507,0507,0507,0507,0507,0507,0507,0507,0507,0505,"
  },
  {
    "url": "https://locations.harristeeter.com/md/fulton/323/",
    "coin": "0326,0506,0500,0500,0500,0507,0500,0500,0500,0500,0500,0500,0507,0505,0505,0505,0505,0501,0501,0507,0501,0507,0501,0507,0501,0507,0507,0500,0507,0500,0507,0500,0507,0500,0507,0500,0507,0500,0503,0504,0503,0503,0504,0503,0503,0504,0503,0503,0503,0503,0503,0503,0505,0503,0503,0505,0503,0505,0503,0503,0505,0503,0505,0503,0501,0507,0501,0501,0505,0503,0505,0502,0505,0502,0501,0506,0501,0506,0501,0501,0506,0501,0506,0501,0502,0505,0502,0505,0502,0505,0502,0505,0502,0502,0502,0505,0502,0502,0502,0502,0502,0502,0504,0502,0502,0504,0502,0504,0502,0504,0502,0504,0502,0504,0502,0504,0502,0500,0506,0500,0505,0502,0505,0502,0505,0502,0505,0502,0505,0502,0505,0502,0505,0502,0505,0502,0507,0504,0504,0507,0500,0500,0507,0500,0500,0500,0500,0500,0507,0500,0500,0500,0507,0507,0507,0507,0507,0507,0507,0507,0507,0507,0507,0507,0507,0507,0507,0507,0507,0507,0507,0504,0507,0507,0507,0503,0500,0506,0506,0506,0506,0506,0506,0506,0506,0506,0506,0506,0506,0506,0504,0504,0504,0504,0322,0500,0500,0500,0500,0500,0500,0500,0500,0500,0506,0500,0500,0506,0500,0502,0502,0504,0502,0502,0505,0502,0502,0505,0502,0505,0502,0505,0502,0502,0502,0500,0500,0500,0500,0507,0500,0500,0500,0500,0506,0506,0325,0505,0505,0502,0502,0500,0506,0500,0502,0500,0502,0505,0502,0501,0501,0507,0501,0503,0503,0503,0505,0505,0505,0322,0505,0505,0503,0507,0501,0504,0506,0502,0502,0504,0502,0502,0502,0505,0502,0505,0502,0501,0501,0506,0501,0501,0501,0507,0501,0501,0507,0501,0507,0501,0506,0506,0506,0323,0506,0502,0502,0502,0502,0502,0505,0502,0505,0502,0502,0501,0501,0503,0503,0503,0503,0504,0503,0503,0503,0503,0503,0503,0503,0503,0503,0505,0503,0503,0505,0503,0505,0503,0501,0502,0502,0502,0502,0502,0502,0502,0502,0505,0502,0505,0502,0501,0503,0503,0503,0503,0503,0503,0504,0503,0503,0503,0503,0503,0503,0505,0505,0501,0502,0502,0505,0502,0501,0501,0503,0507,0507,0507,0507,0507,0504,0503,0505,0503,0503,0505,0503,0505,0503,0505,0503,0505,0503,0501,0507,0501,0501,0507,0501,0501,0501,0501,0501,0506,0501,0501,0502,0502,0502,0502,0502,0504,0502,0502,0504,0502,0502,0504,0502,0502,0504,0502,0504,0502,0504,0502,0504,0502,0502,0504,0502,0502,0504,0502,0502,0504,0502,0504,0502,0504,0502,0504,0502,0504,0502,0504,0502,0504,0502,0504,0502,0504,0502,0504,0502,0504,0502,0504,0502,0504,0502,0504,0502,0500,0506,0500,0500,0506,0500,0500,0506,0500,0500,0500,0500,0507,0500,0500,0507,0500,0503,0503,0503,0505,0503,0503,0505,0503,0503,0503,0505,0503,0505,0503,0507,0507,0507,0507,0507,0507,0505,0505,0505,0505,0507,0507,0507,0505,0505,0507,0507,0505,0507,0507,0507,0507,0507,0507,0507,"
  },
  {
    "url": "https://www.raspberrypi.org/",
    "coin": "0322,0505,0505,0505,0505,0505,0505,0505,0505,0505,0505,0505,0505,0505,0505,0505,0505,0505,0505,0505,0505,0505,0501,0502,0502,0504,0502,0502,0504,0502,0504,0502,0504,0502,0502,0504,0502,0502,0504,0502,0502,0504,0502,0500,0500,0506,0500,0500,0500,0500,0506,0500,0506,0500,0500,0506,0500,0500,0500,0500,0507,0500,0500,0507,0500,0503,0504,0503,0500,0500,0500,0507,0500,0500,0507,0500,0507,0325,0500,0503,0325,0503,0503,0503,0503,0506,0506,0506,0506,0506,0325,0500,0502,0500,0502,0500,0502,0500,0502,0500,0500,0500,0502,0500,0500,0500,0500,0503,0503,0503,0504,0503,0503,0503,0503,0503,0503,0503,0503,0501,0503,0503,0501,0503,0501,0501,0503,0501,0501,0501,0502,0501,0502,0502,0504,0502,0504,0502,0504,0502,0502,0504,0502,0505,0505,0505,0505,0505,0505,0507,0507,0507,0507,0501,0507,0500,0507,0500,0507,0507,0507,0504,0500,0500,0500,0500,0500,0503,0500,0503,0500,0503,0503,0500,0503,0503,0503,0503,0503,0503,0503,0501,0503,0503,0503,0501,0501,0501,0501,0501,0502,0501,0502,0501,0501,0502,0501,0502,0501,0502,0501,0502,0502,0502,0502,0506,0500,0506,0500,0506,0500,0506,0500,0503,0504,0503,0504,0503,0503,0504,0503,0503,0504,0503,0505,0505,0505,0505,0505,0505,0322,0505,0505,0507,0505,0503,0505,0503,0505,0503,0501,0501,0507,0501,0501,0501,0507,0501,0507,0501,0507,0501,0501,0501,0501,0506,0501,0501,0506,0501,0501,0501,0506,0501,0501,0501,0506,0501,0501,0506,0501,0502,0505,0502,0502,0505,0502,0505,0502,0502,0505,0502,0502,0505,0502,0505,0502,0502,0507,0507,0507,0507,0504,0504,0504,0504,0503,0503,0504,0502,0504,0502,0504,0502,0502,0505,0502,0502,0502,0502,0502,0502,0502,0505,0502,0505,0502,0507,0504,0504,0500,0500,0500,0500,0506,0500,0500,0506,0500,0506,0500,0506,0500,0502,0502,0502,0505,0502,0507,0507,0504,0500,0500,0500,0500,0500,0500,0500,0506,0500,0507,0503,0504,0503,0504,0503,0504,0503,0504,0503,0500,0507,0500,0507,0500,0505,0506,0501,0501,0503,0505,0503,0503,0503,0503,0503,0503,0503,0503,0504,0503,0504,0503,0506,0500,0500,0505,0505,0507,0501,0503,0505,0503,0505,0503,0505,0503,0505,0503,0503,0504,0503,0505,0505,0502,0501,0501,0501,0501,0501,0501,0507,0501,0507,0501,0506,0506,0506,0504,0500,0506,0501,0506,0501,0502,0505,0502,0505,0502,0501,0506,0501,0501,0501,0501,0504,0504,0504,0504,0504,0504,0503,0504,0502,0500,0506,0500,0506,0500,0502,0502,0502,0502,0502,0505,0502,0505,0502,0505,0502,0505,0502,0507,0507,0507,0507,0507,0504,0504,0504,0507,0504,0507,0504,0502,0500,0500,0500,0500,0500,0500,0500,0505,0505,0505,"
  },
  {
    "url": "https://www.adafruit.com/",
    "coin": "0506,0506,0506,0506,0506,0506,0506,0506,0506,0506,0506,0506,0502,0504,0502,0504,0502,0504,0502,0504,0502,0500,0506,0500,0506,0500,0500,0500,0503,0503,0503,0503,0503,0503,0503,0503,0503,0503,0503,0505,0503,0503,0505,0503,0505,0503,0500,0500,0506,0500,0500,0500,0507,0500,0500,0507,0500,0507,0500,0500,0507,0500,0507,0500,0507,0500,0504,0503,0505,0503,0507,0501,0501,0501,0507,0501,0501,0501,0501,0507,0501,0501,0501,0501,0506,0501,0501,0503,0503,0504,0503,0503,0503,0505,0503,0503,0503,0505,0503,0503,0503,0505,0503,0503,0507,0501,0505,0502,0505,0502,0502,0505,0502,0505,0502,0502,0505,0502,0505,0502,0505,0502,0502,0502,0502,0502,0502,0507,0507,0501,0501,0507,0501,0501,0501,0501,0501,0501,0501,0501,0501,0501,0501,0501,0502,0502,0504,0502,0504,0502,0502,0504,0502,0504,0502,0504,0502,0504,0502,0504,0502,0500,0500,0500,0502,0501,0506,0501,0506,0501,0505,0502,0502,0505,0502,0502,0505,0502,0502,0502,0505,0502,0502,0502,0504,0502,0500,0507,0500,0500,0500,0500,0507,0500,0500,0500,0507,0500,0507,0500,0507,0500,0503,0504,0503,0503,0504,0502,0502,0502,0502,0507,0507,0507,0507,0504,0507,0507,0503,0503,0503,0500,0500,0504,0502,0504,0502,0502,0502,0502,0505,0502,0507,0501,0507,0501,0507,0501,0507,0507,0507,0507,0505,0501,0504,0502,0505,0502,0505,0502,0505,0502,0505,0502,0501,0507,0501,0503,0504,0503,0504,0503,0504,0503,0500,0503,0501,0501,0507,0501,0507,0501,0507,0501,0503,0500,0500,0500,0506,0500,0500,0506,0500,0502,0500,0503,0503,0503,0503,0503,0503,0504,0503,0500,0504,0502,0502,0502,0502,0502,0505,0502,0505,0502,0500,0507,0500,0500,0500,0500,0500,0500,0504,0502,0505,0502,0505,0502,0501,0501,0501,0501,0507,0501,0505,0507,"
  },
  {
    "url": "https://www.arduino.cc/",
    "coin": "0325,0506,0502,0504,0502,0500,0506,0500,0504,0502,0504,0502,0502,0504,0502,0502,0502,0502,0502,0502,0505,0502,0505,0502,0506,0501,0501,0501,0501,0501,0501,0501,0507,0501,0507,0501,0503,0505,0503,0503,0503,0503,0504,0503,0503,0504,0503,0504,0503,0504,0503,0504,0503,0507,0507,0507,0507,0507,0503,0504,0502,0500,0507,0500,0507,0500,0507,0500,0507,0500,0503,0504,0503,0503,0503,0503,0503,0503,0505,0503,0505,0503,0505,0503,0501,0501,0507,0501,0501,0506,0501,0501,0506,0501,0502,0505,0502,0505,0502,0502,0502,0502,0504,0502,0502,0504,0502,0504,0502,0504,0502,0505,0507,0507,0507,0507,0507,0500,0500,0500,0502,0502,0500,0503,0503,0500,0500,0503,0501,0501,0503,0503,0501,0502,0502,0501,0501,0505,0505,0505,0505,0505,0505,0505,0503,0503,0503,0504,0503,0503,0504,0503,0504,0503,0504,0503,0507,0500,0500,0500,0507,0500,0500,0500,0500,0506,0500,0500,0506,0500,0500,0506,0500,0504,0502,0502,0504,0502,0502,0502,0502,0502,0502,0502,0502,0505,0502,0502,0505,0502,0505,0502,0505,0502,0505,0502,0505,0502,0504,0502,0504,0502,0504,0502,0504,0502,0504,0502,0502,0504,0502,0502,0502,0502,0502,0502,0502,0502,0505,0502,0502,0505,0502,0505,0502,0505,0502,0501,0501,0506,0501,0501,0501,0501,0501,0507,0501,0501,0507,0501,0507,0501,0507,0501,0507,0501,0503,0505,0503,0503,0503,0503,0503,0503,0504,0503,0503,0504,0503,0504,0503,0503,0504,0503,0504,0503,0504,0503,0506,0506,0506,0506,0506,0506,0506,0504,0504,0504,0502,0500,0502,0502,0502,0502,0501,0503,0503,0503,0505,0505,0505,0507,0507,0507,0507,0507,0507,0507,0507,0507,0507,0501,0507,0501,0507,0501,0507,0501,0503,0505,0503,0503,0505,0503,0503,0503,0504,0504,0504,0504,0504,0504,0504,0504,0504,0506,0506,0506,0506,0506,0506,0506,0506,0506,0506,"
  },
  {
    "url": "https://www.maplelawn.net/",
    "coin": "0325,0505,0505,0505,0505,0505,0505,0505,0505,0505,0505,0505,0505,0505,0505,0505,0505,0505,0501,0501,0501,0501,0501,0501,0501,0501,0501,0501,0501,0501,0501,0501,0501,0502,0500,0500,0500,0500,0500,0500,0507,0503,0501,0501,0501,0501,0501,0501,0504,0504,0504,0504,0504,0504,0504,0504,0504,0504,0504,0504,0504,0504,0500,0503,0503,0503,0503,0503,0503,0503,0503,0505,0503,0503,0503,0503,0503,0503,0503,0504,0502,0500,0500,0506,0500,0500,0507,0500,0507,0500,0507,0500,0503,0504,0503,0504,0503,0504,0503,0504,0503,0503,0504,0503,0504,0503,0504,0503,0504,0503,0503,0504,0503,0500,0502,0504,0502,0502,0504,0502,0500,0500,0507,0500,0500,0500,0507,0500,0500,0500,0507,0500,0500,0502,0502,0502,0502,0505,0502,0502,0502,0505,0502,0502,0500,0506,0500,0500,0500,0506,0500,0501,0502,0501,0506,0501,0506,0501,0506,0501,0501,0506,0501,0506,0501,0502,0502,0504,0502,0500,0500,0500,0500,0507,0500,0500,0500,0507,0500,0500,0500,0500,0507,0500,0500,0500,0500,0500,0502,0505,0502,0502,0505,0502,0502,0504,0502,0500,0506,0500,0500,0506,0500,0500,0506,0500,0506,0500,0500,0504,0502,0506,0501,0501,0506,0501,0501,0506,0501,0501,0506,0501,0501,0506,0501,0501,0502,0502,0504,0502,0502,0504,0502,0502,0501,0501,0507,0501,0501,0501,0501,0501,0501,0507,0501,0501,0501,0501,0501,0501,0507,0501,0501,0505,0502,0502,0502,0504,0502,0500,0506,0500,0506,0500,0506,0500,0506,0500,0506,0500,0500,0505,0502,0501,0501,0505,0502,0505,0502,0502,0504,0502,0502,0504,0502,0502,0502,0502,0502,0507,0501,0501,0501,0501,0507,0501,0501,0501,0501,0507,0501,0501,0505,0502,0502,0505,0502,0502,0507,0501,0507,0501,0507,0501,0507,0501,0507,0501,0503,0505,0503,0505,0503,0505,0503,0505,0503,0505,0503,0503,0505,0503,0505,0503,0505,0503,0501,0501,0506,0501,0501,0506,0501,0503,0503,0503,0503,0503,0503,0504,0503,0503,0503,0503,0503,0503,0503,0503,0503,0504,0504,0504,0504,0504,0504,0504,0504,0504,0504,0504,0504,0504,0504,0504,0504,0504,0507,"
  },
  {
    "url": "https://github.com/LafeLabs/geometroncoin",
    "coin": "0506,0506,0506,0506,0506,0506,0506,0506,0506,0506,0506,0506,0506,0506,0506,0506,0506,0506,0506,0500,0500,0500,0500,0500,0500,0507,0500,0500,0507,0500,0500,0507,0500,0507,0500,0500,0507,0500,0503,0504,0503,0504,0503,0504,0503,0503,0504,0503,0503,0503,0504,0503,0503,0503,0503,0503,0503,0503,0503,0503,0503,0503,0503,0505,0503,0503,0503,0505,0503,0505,0503,0503,0505,0503,0505,0503,0505,0503,0505,0503,0501,0507,0501,0501,0507,0501,0501,0507,0501,0501,0501,0501,0501,0501,0501,0501,0501,0501,0501,0501,0501,0506,0501,0501,0506,0501,0501,0506,0501,0501,0506,0501,0506,0501,0506,0501,0505,0502,0502,0505,0502,0505,0502,0502,0505,0502,0502,0502,0502,0505,0502,0502,0502,0502,0502,0502,0502,0504,0502,0502,0502,0504,0502,0502,0502,0504,0502,0504,0502,0502,0504,0502,0504,0502,0504,0502,0504,0502,0500,0506,0500,0500,0506,0500,0500,0506,0500,0500,0500,0500,0500,0500,0500,0507,0507,0507,0507,0507,0507,0507,0507,0507,0507,0507,0507,0500,0500,0500,0500,0500,0500,0507,0500,0500,0500,0500,0500,0503,0503,0505,0503,0505,0503,0504,0503,0503,0503,0503,0503,0505,0503,0503,0504,0503,0504,0503,0503,0501,0501,0501,0501,0507,0501,0501,0501,0501,0501,0501,0501,0501,0506,0501,0506,0501,0502,0505,0502,0502,0502,0505,0503,0501,0501,0501,0501,0501,0501,0502,0502,0502,0502,0502,0502,0500,0500,0500,0502,0502,0502,0502,0504,0502,0500,0506,0500,0500,0502,0500,0507,0507,0501,0507,0501,0507,0501,0503,0503,0503,0500,0503,0500,0502,0502,0504,0502,0504,0502,0504,0502,0504,0502,0507,0507,0507,0507,0507,0507,0507,"
  },
  {
    "url": "https://www.us29.xyz/",
    "coin": "0506,0506,0506,0506,0506,0502,0505,0502,0502,0505,0502,0502,0501,0506,0501,0501,0506,0501,0503,0503,0503,0503,0503,0503,0503,0503,0503,0503,0501,0501,0501,0502,0502,0502,0502,0502,0502,0502,0502,0502,0502,0502,0502,0502,0502,0500,0507,0500,0500,0500,0507,0500,0500,0507,0500,0507,0500,0507,0500,0507,0500,0507,0500,0503,0504,0503,0503,0504,0503,0500,0500,0506,0500,0500,0502,0502,0502,0502,0502,0505,0502,0501,0506,0501,0502,0504,0502,0500,0500,0507,0500,0507,0500,0507,0500,0503,0503,0503,0503,0503,0503,0505,0503,0503,0505,0503,0501,0507,0501,0501,0501,0501,0501,0506,0501,0506,0501,0506,0501,0507,0507,0507,0507,0507,0507,0507,0507,0507,0503,0503,0505,0503,0503,0503,0503,0503,0501,0506,0501,0501,0506,0501,0506,0501,0506,0501,0501,0507,0501,0501,0507,0500,0507,0500,0507,0500,0507,0500,0507,0500,0500,0507,0500,0500,0507,0500,0500,0500,0500,0507,0500,0500,0500,0500,0500,0506,0500,0500,0506,0500,0502,0504,0502,0502,0502,0502,0502,0502,0502,0505,0502,0502,0505,0502,0501,0506,0501,0501,0501,0501,0501,0507,0501,0507,0501,0507,0507,0507,0507,0507,0507,0507,0507,0507,0507,0507,0507,0507,0507,0500,0500,0500,0500,0500,0500,0500,0507,0500,0500,0507,0500,0500,0506,0500,0506,0500,0506,0500,0506,0500,0506,0500,0506,0500,0506,0500,0506,0500,0505,0502,0505,0502,0502,0502,0502,0502,0502,0502,0502,0504,0502,0502,0504,0502,0505,0502,0505,0502,0502,0502,0502,0502,0502,0502,0502,0504,0502,0502,0504,0502,0505,0502,0505,0502,0505,0502,0505,0502,0505,0502,0505,0502,0505,0502,0505,0502,0507,0501,0501,0507,0501,0501,0501,0501,0501,0501,0501,0501,0501,0506,0501,0501,0501,0506,0501,0501,0501,0501,0501,0501,0507,0501,0501,0507,0501,0501,0507,0501,0507,0501,0507,0501,0503,0505,0503,0503,0503,0505,0503,0503,0503,0503,0503,0503,0503,0503,0505,0503,0505,0503,0505,0503,0504,0503,0504,0503,0507,0500,0503,0503,0503,0503,0503,0503,0503,0503,0504,0503,0503,0504,0503,0503,0504,0503,0504,0503,0504,0503,0500,0507,0500,0500,0507,0500,0500,0500,0500,0500,0500,0506,0500,0500,0500,0506,0500,0507,0507,0500,0500,0500,0500,0500,0500,0500,0500,0500,0504,0504,0500,0500,0500,0500,0500,0500,0504,0502,0504,0502,0502,0502,0502,0502,0502,0506,0502,0502,0502,0502,0502,0502,0502,0502,0502,0502,0502,0506,0502,0502,0502,0502,0502,0502,0502,0502,0502,0502,0502,0506,0502,0502,0502,0502,0502,0502,0505,0502,0505,0502,0501,0501,0501,0501,0501,0505,0501,0501,0501,0501,0501,0501,0501,0501,0501,0501,0501,0501,0501,0501,0505,0505,0505,0505,0505,0505,0501,0501,0501,0501,0501,0501,0501,0501,0501,0501,0507,0501,0507,0501,0503,0503,0503,0503,0503,0503,0503,0503,0503,0503,0503,0503,0503,0503,0503,0503,0503,0507,0503,0503,0503,0503,0503,0503,0503,0503,0503,0503,0503,0503,0503,0503,0503,0503,0503,0503,0504,0503,0504,0503,0500,0500,0500,0500,0500,0500,0500,0500,0500,0504,0504,0504,0504,0504,0504,0500,0500,0500,0500,0506,0506,0506,0506,0506,0506,0506,0504,0504,0504,0500,0500,0506,0500,0506,0500,0502,0502,0502,0502,0505,0502,0505,0502,0501,0501,0507,0501,0503,0505,0503,0503,0503,0503,0504,0503,0504,0503,0506,0506,0506,0506,0506,0506,0506,0506,0506,0506,0506,0506,0506,0505,0505,0505,0505,"
  }
]